TASK 2
p=0.05
MSS=1000
339593
348282
337656
345682
366958

MSS=900
399837
404892
385648
394659
384659

MSS=800
425017
423659
436598
422663
429481

MSS=700
499943
485985
496598
478803
485705

MSS=600
571582
568564
579812
569500
564672

MSS=500
756610
768542
756489
748625
753221

MSS=400
957549
962377
956894
965984
963991

MSS=300
1122458
1145072
1159864
1179856
1129859

MSS=200
1456829
1462589
1496598
1479562
1432659

MSS=100
1726594
1765982
1746594
1723659
1746598


TASK 3
p=0.02
332931
346598
356154
332648
356458

p=0.01
289076
294674
282668
275689
296598

P=0.10
1506015
1520655
1508726
1545489
1515155


P=0.09
1276985
1277584
1265984
1298457
1284632

p=0.08
1103720
1110138
1165985
1146598
1198546

p=0.04
455656
446459
465982
487459
495623

p=0.05
710528
726545
746521
726429
715369

p=0.07
1021270
1023620
1019659
1027465
1029109

p=0.06
881964
888360
882529
884956
887959

p=0.04
582272
584255
589643
594661
594652


TASK-1
n=3
722742
730205
723373
751556
746523

n=2
532839
561364
598465
579465
541950

n=1
270135
264911
289464
294656
278465
Avg= 279526

n=5
1145625
1178415
1195643
1184652
1198561

n=4
985642
956431
978462
974853
975613


TASK 1 Averages
279526.2
562816.6
734879.8
974200.2
1180579.2

TASK 2 Averages
1741885.4
1465647.4
1147421.8
961359
756697.4
570826
489406.8
427483.6
393939
347634.2

TASK 3 Averages
287741
344957.8
470235.8
589096.6
725078.4
885153.6
1024224.6
1144997.4
1280728.4
1519208
